0 0.5454545454545454 167.0136959110023
10 0.5714285714285714 170.68392121200304
20 0.6129032258064516 171.24252563100163
30 0.6097560975609756 171.4264550490043
40 0.6078431372549019 171.47016329799953
50 0.6557377049180327 171.5150548149977
60 0.6197183098591549 172.28214460099844
70 0.6296296296296297 172.0042211530017
80 0.6373626373626373 172.56621662300313
90 0.6732673267326733 172.0826246939978
100 0.6846846846846847 172.20220779399824
110 0.6694214876033058 171.85194423999928
120 0.6870229007633588 171.46122867799568
130 0.7021276595744681 171.80873951100511
140 0.7218543046357616 171.66184025700204
150 0.7329192546583851 171.2641618130001
160 0.7485380116959064 170.78471177000029
170 0.7403314917127072 171.68088861699653
180 0.7277486910994765 172.25369622200378
190 0.7263681592039801 171.66509321399644
200 0.7251184834123223 171.74987993200193
210 0.7239819004524887 171.91667302299902
220 0.7229437229437229 171.39394609800365
230 0.7219917012448133 171.61938268999802
240 0.7250996015936255 171.87494375900133
250 0.7203065134099617 171.2681350799976
260 0.7195571955719557 171.4064876900011
270 0.7117437722419929 172.14224375100457
280 0.7010309278350515 171.19050113399862
290 0.6877076411960132 171.5208395899972
300 0.6752411575562701 171.333136250003
310 0.6666666666666666 171.35003354200308
320 0.6525679758308157 171.89379610600008
330 0.6422287390029325 171.27753520700207
340 0.6467236467236467 171.3250884240042
350 0.6537396121883656 172.02544123199914
360 0.6576819407008087 172.15246547800052
370 0.6614173228346457 172.06037698499858
380 0.6675191815856778 171.35567484599596
390 0.6733167082294265 172.10420962699573
400 0.6788321167883211 171.48411229999328
410 0.6864608076009501 171.6675635309948
420 0.6937354988399071 171.65783000599913
430 0.6984126984126984 171.13720996699703
440 0.6940133037694013 171.45065692099888
450 0.6898047722342733 171.6744370259985
460 0.6878980891719745 171.8044266979996
470 0.681912681912682 172.01374926599965
480 0.6802443991853361 171.63687388600374
490 0.6806387225548902 171.39712663400132
500 0.6829745596868885 171.42702513699624
510 0.6871401151631478 171.41327814500255
520 0.6892655367231638 171.26398363200133
530 0.6894639556377079 171.53691002299456
540 0.691470054446461 171.65151311900263
550 0.6934046345811051 171.4300108239986
560 0.6970227670753065 171.38530130399886
570 0.7022375215146299 171.40934231600113
580 0.7038917089678511 171.7176730179999
590 0.7088186356073212 171.96909785999742
600 0.7086743044189853 171.538139682998
610 0.7133655394524959 171.57706143499672
620 0.716323296354992 172.052608168
630 0.719188767550702 171.81519458899857
640 0.7158218125960062 172.14026691499748
650 0.7170953101361573 172.0818341139966
660 0.7183308494783904 172.1395576119976
670 0.7180616740088106 171.5197026780006
680 0.7178002894356006 171.8739134790012
690 0.717546362339515 171.54328441800317
700 0.7215189873417721 171.4878927700047
710 0.723994452149792 171.73969440300425
720 0.7250341997264022 171.66706895199604
730 0.7260458839406208 171.92262622900307
740 0.7283621837549934 171.7186307419979
750 0.7319316688567674 171.49480277999828
760 0.7328145265888456 171.303265276998
770 0.734955185659411 171.71635623399925
780 0.7357774968394437 172.05669643400324
790 0.7328339575530587 171.83548523300124
800 0.7324290998766955 171.9001589219988
810 0.7295980511571255 171.60662676399807
820 0.7304452466907341 171.6052841779965
830 0.7336504161712247 171.77040929500072
840 0.7332549941245593 171.63106480599527
850 0.7328687572590011 171.82122580600117
860 0.7336394948335246 172.18580611300422
870 0.7366628830874007 172.2997683939975
880 0.7396184062850729 171.51725946200168
890 0.7402885682574917 171.73778090700216
900 0.743139407244786 171.40644953399897
910 0.743756786102063 172.07093349900242
920 0.7443609022556391 171.01337420300115
930 0.7449521785334751 172.01623062499857
940 0.7465825446898002 172.27299763599876
950 0.7492195629552549 172.09129227000085
960 0.7497425334706488 171.28934911899705
970 0.7512742099898063 171.40391146099864
980 0.751765893037336 171.85570492400439
990 0.7542457542457542 171.73403927699837
1000 0.7556874381800198 171.92542040099943
1010 0.7571008814887366 171.8994622550017
1020 0.7575169738118331 171.30671654600155
1030 0.7579250720461095 171.4943866090034
1040 0.758325404376784 171.75505740600056
1050 0.760603204524034 171.6381284119998
1060 0.7609710550887021 171.6297442549985
1070 0.7631822386679001 172.138990337
1080 0.7616865261228231 171.37795736300177
1090 0.7629427792915532 171.30524246599816
1100 0.7641764176417641 171.25863274100993
1110 0.7644959857270295 171.07846582500497
1120 0.7639257294429708 171.67407331700088
1130 0.7651183172655566 171.18010690099618
1140 0.7662901824500434 171.59844373099622
1150 0.7665805340223945 171.83808365299774
1160 0.7668659265584971 172.13087591400836
1170 0.7679932260795935 171.77277956198668
1180 0.7682619647355163 171.86864500900265
1190 0.7676935886761033 171.28312790500058
1200 0.7671345995045417 172.0545517890132
1210 0.769041769041769 171.76787303401215
1220 0.7709179528838342 171.65630670600513
1230 0.7719580983078163 174.18991310699494
1240 0.7721822541966427 172.68367827399925
1250 0.7731958762886598 172.49363046699727
1260 0.7734067663257278 171.9954125600052
1270 0.7743950039032006 171.47965497500263
1280 0.774593338497289 172.38714122200327
1290 0.7717140661029976 170.92650251899613
1300 0.7711670480549199 171.66524292899703
1310 0.7721423164269493 171.93680998099444
1320 0.772351615326822 171.82288381599938
1330 0.7703206562266965 172.23612543199852
1340 0.771280532938564 171.92177570700005
1350 0.7707567964731815 171.3178295280086
1360 0.7724288840262582 171.97748247999698
1370 0.7740767559739319 171.6902102430031
1380 0.7749820273184759 171.87664499500534
1390 0.7765881513204854 171.20389913101099
1400 0.7767540751240255 171.79835243900015
1410 0.776917663617171 171.63138085699757
1420 0.7749825296995109 172.22635014899424
1430 0.7758501040943789 171.5373912149953
1440 0.777394900068918 172.3222354370082
1450 0.7761806981519507 171.8482127689931
1460 0.7770224337185588 171.80625152100401
1470 0.7765023632680621 171.9054405200004
1480 0.7766599597585513 171.80646247700497
1490 0.7741505662891406 171.12550355200074
1500 0.7756452680344142 171.8266339469992
1510 0.777120315581854 171.80804924698896
1520 0.7759634225996082 171.46609336500114
1530 0.7728747566515249 171.5984088719997
1540 0.7743391360412637 171.4204396379937
1550 0.7751441383728379 171.5715268960048
1560 0.7753023551877785 171.68264647199248
1570 0.7754585705249842 171.33493559500494
1580 0.7737272155876807 171.47829943400575
1590 0.7720174890693317 171.3299275850004
1600 0.7721911855990068 171.2424450260005
1610 0.7711289327575571 171.17267663800158
1620 0.7706928264868179 171.37055005900038
1630 0.7696526508226691 171.63638458799687
1640 0.7692307692307693 171.0104860450083
1650 0.7706201083684527 171.02925123999012
1660 0.7707959305804907 171.15628904399637
1670 0.7715645449137418 171.2987969770038
1680 0.7723240685984625 171.47540769200714
1690 0.7718988830099941 171.3277651299868
1700 0.7714786674459381 170.92009034499642
1710 0.7693201626961069 170.56249839199882
1720 0.7677642980935875 171.39697525500378
1730 0.7673750717978174 171.0343601200002
1740 0.768703597944032 170.73082653099846
1750 0.7700170357751278 171.1119981929951
1760 0.769621682665161 170.96721298299963